wanted_questions_lst <- list(mc = c(1, 6, 13, 22, 29,
                                    33, 35, 38, 43, 46),
                             text = c(49, 62, 68, 73, 80, 93, 54))
