wanted_questions_lst <- list(mc = c(6, 9, 11, 22, 34,
                                    35, 36, 40, 46, 48),
                             text = c(51, 64, 68, 110, 113, 116, 119))
