## bio data science
wanted_questions_lst <- list(mc = c(6, 7, 9, 13, 14,
                                    19, 21, 22, 29, 33),
                             text = c(52, 55, 63, 
                                      76, 70, 79, 
                                      120))

## mathematik und statistik
#wanted_questions_lst <- list(mc = c(5, 6, 7, 13, 14,
#                                    19, 21, 22, 29, 33),
#                             text = c(52, 62, 65, 
#                                      99, 100, 108, 114))

## mathematik und statistik für bbv
#wanted_questions_lst <- list(mc = c(5, 6, 7, 13, 14,
#                                    19, 21, 22, 29, 33),
#                             text = c(52, 62, 65, 68, 74,
#                                      99, 115))