wanted_questions_lst <- list(mc = c(7, 9, 12, 18, 33,
                                    36, 38, 39, 45, 48),
                             text = c(55, 59, 65, 76, 78, 83, 91))
