wanted_questions_lst <- list(mc = c(3, 9, 12, 27, 28,
                                    32, 37, 40, 47, 50),
                             text = c(53, 61, 65, 78, 83, 96, 100))
