wanted_questions_lst <- list(mc = c(2, 5, 7, 13, 15,
                                    19, 22, 29, 33, 36),
                             text = c(54, 58, 70, 
                                      75, 77, 87, 
                                      125))
