wanted_questions_lst <- list(mc = c(4, 5, 6, 13, 17, 19, 
                                    29, 31, 33, 35, 39),
                             text = c(53, 56, 62, 67, 70, 73, 74))
