wanted_questions_lst <- list(mc = c(4, 5, 6, 7, 13,
                                    15, 17, 18, 21, 29),
                             text = c(55, 62, 67, 
                                      103, 106, 112, 
                                      116))
