wanted_questions_lst <- list(mc = c(3, 5, 8, 12, 13,
                                    16, 17, 20, 33, 45),
                             text = c(53, 55, 62, 
                                      67, 76, 78, 
                                      120))
