wanted_questions_lst <- list(mc = c(1, 3, 4, 5, 12,
                                    13, 23, 34, 40, 22),
                             text = c(41, 42, 56, 78, 81, 90, 45))
